# Parameters:
Number of cards: 400
Number of attributes: 6
Number of tables: 1

# Number of SETs in each Table

1 

# Number of Tables with 0 SETs: 0/1

# Probability of no SETs: 0% 

# Average number of SETs: 14545

# Tables considered

-1 1 1 1 1 -1 
-1 -1 1 -1 -1 0 
0 -1 1 0 -1 0 
-1 1 1 1 0 -1 
1 1 1 -1 0 -1 
1 0 0 0 0 1 
0 1 -1 1 1 0 
-1 1 0 -1 0 1 
-1 0 -1 1 -1 1 
-1 0 0 1 -1 0 
-1 1 1 1 0 1 
0 1 1 0 1 0 
0 1 1 -1 1 0 
1 -1 1 1 1 0 
0 0 1 0 1 0 
-1 -1 0 -1 0 1 
-1 -1 1 0 0 1 
0 0 -1 1 -1 0 
0 -1 0 -1 1 0 
0 0 1 1 0 -1 
0 0 1 1 -1 1 
0 -1 1 0 1 1 
0 1 -1 1 -1 0 
1 0 -1 -1 0 1 
0 -1 0 1 -1 -1 
-1 -1 1 -1 0 -1 
1 0 0 -1 0 0 
1 0 1 1 0 1 
0 0 0 0 -1 1 
-1 -1 -1 -1 0 0 
-1 1 -1 0 -1 0 
1 0 1 -1 -1 1 
0 0 0 0 1 1 
0 0 1 1 1 -1 
1 -1 1 1 0 -1 
0 1 0 0 -1 0 
1 -1 -1 -1 -1 1 
-1 0 0 0 1 1 
1 -1 0 -1 1 0 
0 0 -1 1 0 0 
1 -1 1 0 0 -1 
1 -1 0 1 0 -1 
1 1 0 0 1 1 
0 0 -1 -1 0 -1 
1 -1 0 -1 0 -1 
0 -1 1 1 0 -1 
-1 1 1 0 -1 1 
-1 0 -1 -1 1 1 
-1 -1 -1 0 -1 0 
0 -1 -1 0 1 1 
-1 1 1 1 -1 -1 
0 0 -1 0 1 -1 
-1 1 0 0 1 -1 
1 -1 -1 0 1 -1 
0 0 1 0 -1 1 
0 0 0 1 0 -1 
1 1 1 -1 -1 0 
-1 -1 0 -1 -1 1 
1 -1 0 -1 -1 -1 
1 0 1 1 -1 -1 
-1 0 -1 0 1 1 
0 -1 -1 1 1 1 
1 -1 0 0 -1 1 
0 0 1 -1 0 1 
0 0 -1 0 0 0 
-1 0 0 0 -1 0 
0 1 -1 -1 -1 0 
0 -1 1 0 0 0 
1 1 -1 1 0 1 
-1 0 0 1 0 0 
-1 -1 0 -1 1 0 
0 1 -1 -1 0 -1 
0 0 0 1 1 0 
1 -1 -1 0 -1 -1 
0 0 1 1 0 1 
0 -1 1 1 1 1 
1 -1 -1 0 0 0 
0 -1 -1 -1 1 1 
1 0 0 -1 1 0 
-1 -1 1 -1 1 -1 
-1 -1 0 0 1 0 
0 0 0 -1 -1 1 
0 -1 1 -1 0 -1 
1 -1 -1 0 1 1 
0 1 1 1 -1 0 
0 0 1 0 0 -1 
0 0 -1 -1 1 -1 
-1 1 1 -1 1 0 
1 0 -1 1 0 1 
1 0 0 1 1 1 
0 0 0 1 -1 1 
-1 1 0 0 0 -1 
0 0 0 0 1 -1 
-1 1 1 -1 -1 -1 
0 0 1 -1 1 -1 
1 0 -1 -1 -1 -1 
1 0 -1 1 -1 -1 
-1 -1 0 0 1 1 
1 0 0 1 0 1 
0 1 0 -1 0 0 
-1 1 -1 1 0 -1 
1 1 1 1 0 1 
-1 -1 1 -1 -1 -1 
1 0 0 -1 -1 0 
0 0 1 0 1 -1 
0 -1 1 0 1 0 
1 1 1 1 1 -1 
-1 1 -1 1 -1 1 
1 -1 -1 -1 1 -1 
0 -1 1 0 -1 -1 
0 1 -1 1 0 1 
-1 0 1 0 -1 -1 
1 1 0 0 -1 0 
-1 -1 -1 1 0 1 
1 -1 1 1 1 -1 
0 1 -1 0 1 1 
1 -1 -1 -1 -1 0 
1 1 -1 -1 1 1 
-1 0 0 -1 1 0 
1 0 1 -1 1 1 
0 1 0 -1 -1 1 
-1 1 -1 0 1 -1 
1 1 0 1 1 -1 
-1 -1 0 -1 0 -1 
1 1 -1 0 1 1 
1 0 -1 -1 -1 0 
0 -1 1 0 0 1 
-1 -1 0 1 -1 -1 
0 -1 1 -1 0 1 
0 0 1 1 0 0 
1 -1 -1 -1 1 1 
-1 1 1 0 1 0 
-1 0 -1 -1 0 -1 
0 0 -1 0 1 1 
1 1 0 -1 1 -1 
0 -1 1 0 0 -1 
1 1 1 1 1 0 
-1 1 -1 1 1 -1 
0 1 0 0 -1 1 
1 1 0 1 1 0 
1 0 0 -1 1 -1 
-1 -1 1 -1 0 1 
0 -1 1 1 -1 0 
0 1 0 -1 1 1 
0 -1 -1 -1 -1 0 
0 -1 0 -1 -1 0 
1 -1 0 0 1 -1 
0 1 0 0 1 1 
-1 1 0 -1 0 -1 
-1 0 -1 1 -1 -1 
0 0 0 -1 0 1 
1 -1 0 1 -1 0 
0 -1 0 -1 0 1 
1 0 0 0 0 -1 
0 0 1 -1 -1 1 
-1 0 -1 0 1 -1 
1 0 1 0 1 0 
-1 -1 1 0 1 0 
1 0 0 -1 -1 -1 
-1 0 -1 -1 0 1 
0 1 -1 -1 0 0 
1 -1 0 1 0 0 
-1 -1 -1 1 0 -1 
-1 0 1 1 -1 0 
0 1 -1 -1 1 -1 
0 0 -1 1 0 1 
-1 0 -1 0 -1 -1 
-1 -1 1 0 -1 -1 
1 0 0 0 -1 0 
-1 1 0 -1 -1 0 
0 1 0 0 1 -1 
-1 0 1 1 0 0 
1 1 0 1 0 1 
1 -1 0 -1 -1 0 
-1 -1 -1 -1 -1 -1 
0 1 1 -1 0 0 
1 1 1 1 -1 -1 
-1 1 0 0 1 1 
1 0 -1 0 0 1 
1 -1 0 -1 0 0 
-1 -1 -1 -1 0 -1 
0 0 0 -1 1 1 
0 1 1 1 1 -1 
-1 1 1 0 -1 0 
0 0 0 -1 -1 -1 
-1 1 -1 -1 1 0 
0 0 -1 -1 0 0 
0 1 0 0 0 1 
-1 1 0 1 0 -1 
0 1 1 -1 0 1 
-1 1 0 1 -1 -1 
1 0 0 1 0 -1 
0 0 0 -1 1 0 
0 0 0 0 -1 0 
-1 0 1 -1 -1 1 
1 1 0 -1 0 -1 
0 1 -1 0 1 0 
-1 1 -1 -1 1 1 
-1 0 1 -1 1 1 
1 1 0 0 -1 -1 
-1 -1 0 0 1 -1 
1 0 -1 0 1 0 
-1 -1 1 0 1 -1 
0 0 0 1 0 0 
1 0 0 1 1 0 
-1 -1 1 1 1 -1 
0 0 -1 0 -1 1 
1 -1 -1 -1 0 1 
0 1 0 -1 0 1 
1 0 -1 0 0 -1 
-1 1 0 0 -1 -1 
1 1 1 0 -1 0 
1 0 -1 0 -1 0 
0 -1 0 1 0 -1 
1 -1 0 -1 1 -1 
0 0 1 -1 -1 -1 
-1 0 -1 0 0 0 
1 0 1 0 0 1 
-1 0 0 0 0 0 
0 -1 -1 0 -1 -1 
0 1 0 -1 1 -1 
0 0 -1 1 1 1 
1 0 -1 0 -1 1 
-1 -1 0 0 -1 0 
1 1 1 0 1 -1 
-1 1 -1 0 0 1 
-1 0 1 0 0 1 
1 1 0 0 1 -1 
0 1 0 -1 -1 0 
0 1 0 -1 -1 -1 
0 -1 0 0 -1 0 
1 -1 0 1 1 -1 
0 -1 1 -1 1 0 
1 -1 1 1 -1 -1 
0 -1 0 1 1 0 
-1 1 0 1 0 1 
0 1 1 0 -1 0 
1 -1 1 -1 1 1 
-1 -1 -1 -1 1 0 
1 -1 0 -1 1 1 
0 -1 -1 1 -1 -1 
1 -1 0 1 -1 -1 
0 -1 0 -1 0 0 
1 1 0 0 1 0 
-1 0 1 0 1 -1 
-1 0 0 0 1 -1 
1 1 -1 0 1 0 
-1 -1 0 0 0 -1 
0 1 -1 0 1 -1 
1 1 0 -1 -1 1 
1 1 1 -1 0 1 
-1 1 -1 -1 0 0 
-1 -1 0 -1 1 -1 
1 0 -1 -1 1 0 
1 -1 0 0 0 0 
-1 -1 -1 0 0 -1 
0 -1 -1 1 1 0 
-1 0 1 -1 1 -1 
1 1 -1 -1 1 0 
1 1 1 -1 -1 -1 
-1 1 -1 1 1 1 
0 1 0 0 0 0 
0 -1 -1 0 -1 1 
0 1 -1 0 0 -1 
1 1 0 1 1 1 
-1 0 1 1 1 0 
-1 1 1 0 1 -1 
-1 0 -1 1 -1 0 
-1 -1 1 1 -1 0 
1 0 0 1 -1 1 
1 1 1 0 0 1 
-1 1 0 0 0 0 
-1 0 -1 -1 -1 -1 
0 1 1 -1 0 -1 
0 1 -1 -1 0 1 
1 1 0 1 -1 0 
-1 0 1 1 -1 -1 
0 -1 1 0 -1 1 
0 0 0 -1 0 0 
1 0 1 0 1 -1 
0 0 1 -1 0 0 
1 1 -1 -1 0 -1 
-1 0 0 -1 -1 1 
0 0 0 1 1 -1 
-1 0 -1 0 -1 0 
1 0 1 0 -1 1 
0 -1 0 -1 0 -1 
1 -1 1 0 1 1 
-1 -1 -1 0 1 0 
0 -1 0 0 0 -1 
0 -1 -1 0 -1 0 
1 0 1 -1 -1 -1 
-1 0 -1 1 1 1 
1 0 0 1 0 0 
-1 -1 1 1 0 -1 
0 0 -1 -1 1 1 
1 1 0 -1 -1 -1 
-1 0 0 1 1 1 
-1 0 0 -1 -1 0 
1 1 -1 -1 -1 1 
0 -1 -1 0 0 0 
0 -1 -1 1 1 -1 
1 -1 1 -1 1 -1 
1 1 0 -1 -1 0 
0 1 -1 1 -1 1 
1 -1 1 0 1 0 
0 1 1 0 -1 -1 
0 -1 1 -1 1 1 
-1 -1 0 1 0 -1 
0 0 1 0 0 1 
1 1 -1 -1 -1 0 
-1 1 -1 0 -1 1 
1 1 1 0 0 -1 
-1 1 0 1 1 -1 
0 1 0 1 -1 -1 
-1 -1 -1 0 0 1 
1 -1 1 0 1 -1 
-1 1 -1 0 1 0 
0 1 0 -1 0 -1 
1 1 0 -1 1 1 
-1 0 1 -1 1 0 
1 1 1 -1 1 -1 
0 0 -1 0 0 -1 
1 0 -1 1 1 1 
-1 -1 1 -1 1 1 
1 0 0 0 -1 -1 
-1 -1 -1 0 -1 -1 
-1 0 0 0 0 1 
1 1 -1 0 1 -1 
1 -1 1 -1 1 0 
-1 -1 -1 -1 1 -1 
0 1 -1 0 -1 1 
1 1 -1 1 1 0 
-1 1 1 1 0 0 
0 1 1 -1 -1 0 
-1 0 1 1 -1 1 
1 1 0 1 0 -1 
-1 1 1 -1 -1 1 
0 -1 1 0 1 -1 
1 0 -1 0 -1 -1 
-1 -1 0 -1 1 1 
1 1 -1 0 0 -1 
1 1 0 -1 0 0 
-1 0 1 -1 0 -1 
1 1 1 0 0 0 
0 1 0 1 1 1 
-1 0 0 1 0 1 
1 1 -1 1 1 -1 
-1 1 0 -1 -1 1 
0 0 -1 1 -1 -1 
0 -1 0 0 0 0 
1 -1 1 -1 -1 -1 
1 0 1 1 1 1 
-1 0 -1 1 1 0 
-1 0 1 0 -1 1 
1 1 0 0 0 -1 
1 0 1 -1 0 1 
-1 0 0 -1 0 0 
-1 -1 0 0 0 1 
1 0 -1 0 1 -1 
1 -1 0 0 -1 -1 
1 -1 -1 0 1 0 
0 0 0 0 0 1 
1 1 -1 1 0 -1 
-1 0 0 1 -1 1 
1 -1 1 0 0 1 
0 -1 1 -1 -1 -1 
1 -1 -1 1 -1 0 
1 -1 -1 1 0 0 
0 -1 -1 -1 -1 -1 
-1 -1 0 1 -1 1 
1 0 -1 1 0 -1 
-1 -1 -1 -1 -1 1 
1 -1 1 -1 0 -1 
0 0 0 1 0 1 
1 0 -1 1 -1 1 
-1 -1 0 1 -1 0 
0 1 1 0 0 0 
-1 0 -1 1 0 -1 
1 0 1 1 0 0 
0 1 0 1 0 0 
0 0 0 0 -1 -1 
-1 -1 1 0 0 -1 
0 0 0 1 -1 0 
-1 -1 0 -1 -1 0 
1 0 1 -1 0 -1 
-1 0 -1 -1 -1 1 
1 0 1 0 1 1 
-1 0 -1 0 1 0 
0 0 -1 -1 0 1 
1 0 0 1 1 -1 
-1 -1 1 1 0 1 
1 1 0 0 -1 1 
-1 0 1 0 -1 0 
0 1 1 1 0 -1 
1 -1 -1 0 -1 0 
1 -1 -1 0 -1 1 
-1 0 1 0 0 -1 
1 -1 -1 1 0 -1 
0 1 -1 0 0 0 

